Circuito: Testcase 1-1

V(4) =  7.920000e+01
V(3) = -5.00000e+01
V(2) =  8.280000e+01
V(1) =  4.000000e+01

I(ve1) = 4.280000e+00
