Circuito: Testcase 2-3 (1-7)

V(d) = -2.74920e+01
V(c) = -1.74920e+01
V(a) = -4.49946e+01
V(b) = -5.46624e+00

I(v_vdir)  = -1.37460e+00
I(R_Rdi_4) = -8.74598e-01
I(h_hesq)  =  4.498928e+00
