Circuito: Testcase 2-4

V(no6) =  9.000000e+00
V(no5) = -6.00000e+00
V(no4) =  3.000000e+00
V(no3) =  1.800000e+01
V(no2) =  7.500000e+00
V(no1) =  2.500000e+00

I(Vss) = -1.50000e+00
I(Vne) =  1.000000e+00
I(Ene) =  1.000000e+00
